# x
0.000000000000000000e+00
0.000000000000000000e+00
0.000000000000000000e+00
0.000000000000000000e+00
0.000000000000000000e+00
1.111111138015985489e-02
2.222222276031970978e-02
3.333333507180213928e-02
4.444444552063941956e-02
5.555555596947669983e-02
6.666667014360427856e-02
7.777778059244155884e-02
8.888889104127883911e-02
1.000000014901161194e-01
1.111111119389533997e-01
1.222222223877906799e-01
1.333333402872085571e-01
1.444444507360458374e-01
1.555555611848831177e-01
1.666666716337203979e-01
1.777777820825576782e-01
1.888888925313949585e-01
2.000000029802322388e-01
2.111111134290695190e-01
2.222222238779067993e-01
2.333333343267440796e-01
2.444444447755813599e-01
2.555555701255798340e-01
2.666666805744171143e-01
2.777777910232543945e-01
2.888889014720916748e-01
3.000000119209289551e-01
3.111111223697662354e-01
3.222222328186035156e-01
3.333333432674407959e-01
3.444444537162780762e-01
3.555555641651153564e-01
3.666666746139526367e-01
3.777777850627899170e-01
3.888888955116271973e-01
4.000000059604644775e-01
4.111111164093017578e-01
4.222222268581390381e-01
4.333333373069763184e-01
4.444444477558135986e-01
4.555555582046508789e-01
4.666666686534881592e-01
4.777777791023254395e-01
4.888888895511627197e-01
5.000000000000000000e-01
5.111111402511596680e-01
5.222222208976745605e-01
5.333333611488342285e-01
5.444444417953491211e-01
5.555555820465087891e-01
5.666666626930236816e-01
5.777778029441833496e-01
5.888888835906982422e-01
6.000000238418579102e-01
6.111111044883728027e-01
6.222222447395324707e-01
6.333333253860473633e-01
6.444444656372070312e-01
6.555555462837219238e-01
6.666666865348815918e-01
6.777777671813964844e-01
6.888889074325561523e-01
6.999999880790710449e-01
7.111111283302307129e-01
7.222222089767456055e-01
7.333333492279052734e-01
7.444444298744201660e-01
7.555555701255798340e-01
7.666666507720947266e-01
7.777777910232543945e-01
7.888888716697692871e-01
8.000000119209289551e-01
8.111110925674438477e-01
8.222222328186035156e-01
8.333333134651184082e-01
8.444444537162780762e-01
8.555555343627929688e-01
8.666666746139526367e-01
8.777777552604675293e-01
8.888888955116271973e-01
8.999999761581420898e-01
9.111111164093017578e-01
9.222221970558166504e-01
9.333333373069763184e-01
9.444444179534912109e-01
9.555555582046508789e-01
9.666666388511657715e-01
9.777777791023254395e-01
9.888888597488403320e-01
1.000000000000000000e+00
0.000000000000000000e+00
1.000000000000000000e+00
5.000000000000000000e-01
2.500000000000000000e-01
7.500000000000000000e-01
1.250000000000000000e-01
6.250000000000000000e-01
3.750000000000000000e-01
8.750000000000000000e-01
6.250000000000000000e-02
5.625000000000000000e-01
3.125000000000000000e-01
8.125000000000000000e-01
1.875000000000000000e-01
6.875000000000000000e-01
4.375000000000000000e-01
9.375000000000000000e-01
3.125000000000000000e-02
5.312500000000000000e-01
2.812500000000000000e-01
7.812500000000000000e-01
1.562500000000000000e-01
6.562500000000000000e-01
4.062500000000000000e-01
9.062500000000000000e-01
9.375000000000000000e-02
5.937500000000000000e-01
3.437500000000000000e-01
8.437500000000000000e-01
2.187500000000000000e-01
7.187500000000000000e-01
4.687500000000000000e-01
9.687500000000000000e-01
1.562500000000000000e-02
5.156250000000000000e-01
2.656250000000000000e-01
7.656250000000000000e-01
1.406250000000000000e-01
6.406250000000000000e-01
3.906250000000000000e-01
8.906250000000000000e-01
7.812500000000000000e-02
5.781250000000000000e-01
3.281250000000000000e-01
8.281250000000000000e-01
2.031250000000000000e-01
7.031250000000000000e-01
4.531250000000000000e-01
9.531250000000000000e-01
4.687500000000000000e-02
5.468750000000000000e-01
2.968750000000000000e-01
7.968750000000000000e-01
1.718750000000000000e-01
6.718750000000000000e-01
4.218750000000000000e-01
9.218750000000000000e-01
1.093750000000000000e-01
6.093750000000000000e-01
3.593750000000000000e-01
8.593750000000000000e-01
2.343750000000000000e-01
7.343750000000000000e-01
4.843750000000000000e-01
9.843750000000000000e-01
7.812500000000000000e-03
5.078125000000000000e-01
2.578125000000000000e-01
7.578125000000000000e-01
1.328125000000000000e-01
6.328125000000000000e-01
3.828125000000000000e-01
8.828125000000000000e-01
7.031250000000000000e-02
5.703125000000000000e-01
3.203125000000000000e-01
8.203125000000000000e-01
1.953125000000000000e-01
6.953125000000000000e-01
4.453125000000000000e-01
9.453125000000000000e-01
3.906250000000000000e-02
5.390625000000000000e-01
2.890625000000000000e-01
7.890625000000000000e-01
1.640625000000000000e-01
6.640625000000000000e-01
4.140625000000000000e-01
9.140625000000000000e-01
1.015625000000000000e-01
6.015625000000000000e-01
3.515625000000000000e-01
8.515625000000000000e-01
2.265625000000000000e-01
7.265625000000000000e-01
4.765625000000000000e-01
9.765625000000000000e-01
2.343750000000000000e-02
5.234375000000000000e-01
2.734375000000000000e-01
7.734375000000000000e-01
1.484375000000000000e-01
6.484375000000000000e-01
3.984375000000000000e-01
8.984375000000000000e-01
8.593750000000000000e-02
5.859375000000000000e-01
3.359375000000000000e-01
8.359375000000000000e-01
2.109375000000000000e-01
7.109375000000000000e-01
4.609375000000000000e-01
9.609375000000000000e-01
5.468750000000000000e-02
5.546875000000000000e-01
3.046875000000000000e-01
8.046875000000000000e-01
1.796875000000000000e-01
6.796875000000000000e-01
4.296875000000000000e-01
9.296875000000000000e-01
1.171875000000000000e-01
6.171875000000000000e-01
3.671875000000000000e-01
8.671875000000000000e-01
2.421875000000000000e-01
7.421875000000000000e-01
4.921875000000000000e-01
9.921875000000000000e-01
3.906250000000000000e-03
5.039062500000000000e-01
2.539062500000000000e-01
7.539062500000000000e-01
1.289062500000000000e-01
6.289062500000000000e-01
3.789062500000000000e-01
8.789062500000000000e-01
6.640625000000000000e-02
5.664062500000000000e-01
3.164062500000000000e-01
8.164062500000000000e-01
1.914062500000000000e-01
6.914062500000000000e-01
4.414062500000000000e-01
9.414062500000000000e-01
3.515625000000000000e-02
5.351562500000000000e-01
2.851562500000000000e-01
7.851562500000000000e-01
1.601562500000000000e-01
6.601562500000000000e-01
4.101562500000000000e-01
9.101562500000000000e-01
9.765625000000000000e-02
5.976562500000000000e-01
3.476562500000000000e-01
8.476562500000000000e-01
2.226562500000000000e-01
7.226562500000000000e-01
4.726562500000000000e-01
9.726562500000000000e-01
1.953125000000000000e-02
5.195312500000000000e-01
2.695312500000000000e-01
7.695312500000000000e-01
1.445312500000000000e-01
6.445312500000000000e-01
3.945312500000000000e-01
8.945312500000000000e-01
8.203125000000000000e-02
5.820312500000000000e-01
3.320312500000000000e-01
8.320312500000000000e-01
2.070312500000000000e-01
7.070312500000000000e-01
4.570312500000000000e-01
9.570312500000000000e-01
5.078125000000000000e-02
5.507812500000000000e-01
3.007812500000000000e-01
8.007812500000000000e-01
1.757812500000000000e-01
6.757812500000000000e-01
4.257812500000000000e-01
9.257812500000000000e-01
1.132812500000000000e-01
6.132812500000000000e-01
3.632812500000000000e-01
8.632812500000000000e-01
2.382812500000000000e-01
7.382812500000000000e-01
4.882812500000000000e-01
9.882812500000000000e-01
1.171875000000000000e-02
5.117187500000000000e-01
2.617187500000000000e-01
7.617187500000000000e-01
1.367187500000000000e-01
6.367187500000000000e-01
3.867187500000000000e-01
8.867187500000000000e-01
7.421875000000000000e-02
