# x
0.000000000000000000e+00
0.000000000000000000e+00
0.000000000000000000e+00
0.000000000000000000e+00
0.000000000000000000e+00
0.000000000000000000e+00
0.000000000000000000e+00
1.111111138015985489e-02
2.222222276031970978e-02
3.333333507180213928e-02
4.444444552063941956e-02
5.555555596947669983e-02
6.666667014360427856e-02
7.777778059244155884e-02
8.888889104127883911e-02
1.000000014901161194e-01
1.111111119389533997e-01
1.222222223877906799e-01
1.333333402872085571e-01
1.444444507360458374e-01
1.555555611848831177e-01
1.666666716337203979e-01
1.777777820825576782e-01
1.888888925313949585e-01
2.000000029802322388e-01
2.111111134290695190e-01
2.222222238779067993e-01
2.333333343267440796e-01
2.444444447755813599e-01
2.555555701255798340e-01
2.666666805744171143e-01
2.777777910232543945e-01
2.888889014720916748e-01
3.000000119209289551e-01
3.111111223697662354e-01
3.222222328186035156e-01
3.333333432674407959e-01
3.444444537162780762e-01
3.555555641651153564e-01
3.666666746139526367e-01
3.777777850627899170e-01
3.888888955116271973e-01
4.000000059604644775e-01
4.111111164093017578e-01
4.222222268581390381e-01
4.333333373069763184e-01
4.444444477558135986e-01
4.555555582046508789e-01
4.666666686534881592e-01
4.777777791023254395e-01
4.888888895511627197e-01
5.000000000000000000e-01
5.111111402511596680e-01
5.222222208976745605e-01
5.333333611488342285e-01
5.444444417953491211e-01
5.555555820465087891e-01
5.666666626930236816e-01
5.777778029441833496e-01
5.888888835906982422e-01
6.000000238418579102e-01
6.111111044883728027e-01
6.222222447395324707e-01
6.333333253860473633e-01
6.444444656372070312e-01
6.555555462837219238e-01
6.666666865348815918e-01
6.777777671813964844e-01
6.888889074325561523e-01
6.999999880790710449e-01
7.111111283302307129e-01
7.222222089767456055e-01
7.333333492279052734e-01
7.444444298744201660e-01
7.555555701255798340e-01
7.666666507720947266e-01
7.777777910232543945e-01
7.888888716697692871e-01
8.000000119209289551e-01
8.111110925674438477e-01
8.222222328186035156e-01
8.333333134651184082e-01
8.444444537162780762e-01
8.555555343627929688e-01
8.666666746139526367e-01
8.777777552604675293e-01
8.888888955116271973e-01
8.999999761581420898e-01
9.111111164093017578e-01
9.222221970558166504e-01
9.333333373069763184e-01
9.444444179534912109e-01
9.555555582046508789e-01
9.666666388511657715e-01
9.777777791023254395e-01
9.888888597488403320e-01
1.000000000000000000e+00
0.000000000000000000e+00
1.111111138015985489e-02
2.222222276031970978e-02
3.333333507180213928e-02
4.444444552063941956e-02
5.555555596947669983e-02
6.666667014360427856e-02
7.777778059244155884e-02
8.888889104127883911e-02
1.000000014901161194e-01
1.111111119389533997e-01
1.222222223877906799e-01
1.333333402872085571e-01
1.444444507360458374e-01
1.555555611848831177e-01
1.666666716337203979e-01
1.777777820825576782e-01
1.888888925313949585e-01
2.000000029802322388e-01
2.111111134290695190e-01
2.222222238779067993e-01
2.333333343267440796e-01
2.444444447755813599e-01
2.555555701255798340e-01
2.666666805744171143e-01
2.777777910232543945e-01
2.888889014720916748e-01
3.000000119209289551e-01
3.111111223697662354e-01
3.222222328186035156e-01
3.333333432674407959e-01
3.444444537162780762e-01
3.555555641651153564e-01
3.666666746139526367e-01
3.777777850627899170e-01
3.888888955116271973e-01
4.000000059604644775e-01
4.111111164093017578e-01
4.222222268581390381e-01
4.333333373069763184e-01
4.444444477558135986e-01
4.555555582046508789e-01
4.666666686534881592e-01
4.777777791023254395e-01
4.888888895511627197e-01
5.000000000000000000e-01
5.111111402511596680e-01
5.222222208976745605e-01
5.333333611488342285e-01
5.444444417953491211e-01
5.555555820465087891e-01
5.666666626930236816e-01
5.777778029441833496e-01
5.888888835906982422e-01
6.000000238418579102e-01
6.111111044883728027e-01
6.222222447395324707e-01
6.333333253860473633e-01
6.444444656372070312e-01
6.555555462837219238e-01
6.666666865348815918e-01
6.777777671813964844e-01
6.888889074325561523e-01
6.999999880790710449e-01
7.111111283302307129e-01
7.222222089767456055e-01
7.333333492279052734e-01
7.444444298744201660e-01
7.555555701255798340e-01
7.666666507720947266e-01
7.777777910232543945e-01
7.888888716697692871e-01
8.000000119209289551e-01
8.111110925674438477e-01
8.222222328186035156e-01
8.333333134651184082e-01
8.444444537162780762e-01
8.555555343627929688e-01
8.666666746139526367e-01
8.777777552604675293e-01
8.888888955116271973e-01
8.999999761581420898e-01
9.111111164093017578e-01
9.222221970558166504e-01
9.333333373069763184e-01
9.444444179534912109e-01
9.555555582046508789e-01
9.666666388511657715e-01
9.777777791023254395e-01
9.888888597488403320e-01
1.000000000000000000e+00
0.000000000000000000e+00
1.000000000000000000e+00
