# step, loss_train, loss_test, metrics_test
0.000000000000000000e+00 2.944055175781250000e+03 3.127108125000000000e+05 1.222739982604980469e+01 2.126897573471069336e+00 3.275848632812500000e+03 3.127108125000000000e+05 1.222739982604980469e+01 2.126897573471069336e+00 9.989795992783476741e-01
1.000000000000000000e+03 1.543008666992187500e+03 2.597056406250000000e+05 4.854916572570800781e+00 1.129253673553466797e+01 2.817746582031250000e+03 2.597056406250000000e+05 4.854916572570800781e+00 1.129253673553466797e+01 9.377481097919916353e-01
2.000000000000000000e+03 1.139511962890625000e+03 2.143859531250000000e+05 3.474012613296508789e-01 1.876512289047241211e+00 9.771265869140625000e+02 2.143859531250000000e+05 3.474012613296508789e-01 1.876512289047241211e+00 8.712325038722513737e-01
3.000000000000000000e+03 6.159236450195312500e+02 1.732371093750000000e+05 2.002123445272445679e-01 2.058799982070922852e+00 1.265665649414062500e+03 1.732371093750000000e+05 2.002123445272445679e-01 2.058799982070922852e+00 7.992719763588278514e-01
4.000000000000000000e+03 3.125383911132812500e+02 1.367937031250000000e+05 2.660670876502990723e-01 1.194707274436950684e+00 1.818916381835937500e+03 1.367937031250000000e+05 2.660670876502990723e-01 1.194707274436950684e+00 7.279411862188749360e-01
5.000000000000000000e+03 1.245450805664062500e+03 1.057012031250000000e+05 2.962358295917510986e-01 3.796048462390899658e-01 1.678773046875000000e+04 1.057012031250000000e+05 2.962358295917510986e-01 3.796048462390899658e-01 6.551666869704698692e-01
6.000000000000000000e+03 9.681406860351562500e+02 7.973126562500000000e+04 9.557190537452697754e-01 1.682700067758560181e-01 1.899925976562500000e+04 7.973126562500000000e+04 9.557190537452697754e-01 1.682700067758560181e-01 5.982974767851307885e-01
7.000000000000000000e+03 5.510103149414062500e+02 5.753685156250000000e+04 1.617674589157104492e+00 9.559980779886245728e-02 2.208506445312500000e+04 5.753685156250000000e+04 1.617674589157104492e+00 9.559980779886245728e-02 5.403523095853236535e-01
8.000000000000000000e+03 4.109820861816406250e+02 3.924114453125000000e+04 2.505420446395874023e+00 4.638102650642395020e-02 2.254840625000000000e+04 3.924114453125000000e+04 2.505420446395874023e+00 4.638102650642395020e-02 4.858315973818399525e-01
9.000000000000000000e+03 2.972497558593750000e+02 2.486167187500000000e+04 3.581495046615600586e+00 1.834305562078952789e-02 2.201829882812500000e+04 2.486167187500000000e+04 3.581495046615600586e+00 1.834305562078952789e-02 4.365992803889263141e-01
1.000000000000000000e+04 1.876585388183593750e+02 1.421925195312500000e+04 3.627491712570190430e+00 5.084918346256017685e-03 2.232508398437500000e+04 1.421925195312500000e+04 3.627491712570190430e+00 5.084918346256017685e-03 3.904987610746207816e-01
1.100000000000000000e+04 1.278508758544921875e+02 7.001519042968750000e+03 3.271977663040161133e+00 1.609012251719832420e-03 2.029015234375000000e+04 7.001519042968750000e+03 3.271977663040161133e+00 1.609012251719832420e-03 3.519634668437843228e-01
1.200000000000000000e+04 8.921472167968750000e+01 2.734516357421875000e+03 3.194702386856079102e+00 5.132278893142938614e-04 1.943366992187500000e+04 2.734516357421875000e+03 3.194702386856079102e+00 5.132278893142938614e-04 3.231258793559809162e-01
1.300000000000000000e+04 6.221802139282226562e+01 7.288022460937500000e+02 3.618433713912963867e+00 1.356911670882254839e-04 2.102305468750000000e+04 7.288022460937500000e+02 3.618433713912963867e+00 1.356911670882254839e-04 3.049299584725301826e-01
1.400000000000000000e+04 4.235831069946289062e+01 1.006957855224609375e+02 4.683054924011230469e+00 2.497254172340035439e-05 2.652762695312500000e+04 1.006957855224609375e+02 4.683054924011230469e+00 2.497254172340035439e-05 2.965361159732331497e-01
1.500000000000000000e+04 2.843855476379394531e+01 4.713860034942626953e+00 6.389559745788574219e+00 2.016459802689496428e-06 3.224027343750000000e+04 4.713860034942626953e+00 6.389559745788574219e+00 2.016459802689496428e-06 2.951294506415980123e-01
1.600000000000000000e+04 2.086470222473144531e+01 7.156538963317871094e-02 7.760742664337158203e+00 7.039056072244420648e-06 3.191909570312500000e+04 7.156538963317871094e-02 7.760742664337158203e+00 7.039056072244420648e-06 2.959514410292408693e-01
1.700000000000000000e+04 1.524829196929931641e+01 6.180047988891601562e-03 7.959907531738281250e+00 6.979244062677025795e-07 2.813703710937500000e+04 6.180047988891601562e-03 7.959907531738281250e+00 6.979244062677025795e-07 2.957310187081261255e-01
1.800000000000000000e+04 1.317002773284912109e+01 4.474878311157226562e-03 7.411026477813720703e+00 1.648190664127469063e-05 2.490782031250000000e+04 4.474878311157226562e-03 7.411026477813720703e+00 1.648190664127469063e-05 2.944307542944381573e-01
1.900000000000000000e+04 9.966893196105957031e+00 2.832651138305664062e-03 6.641121387481689453e+00 2.310262061655521393e-07 1.931123828125000000e+04 2.832651138305664062e-03 6.641121387481689453e+00 2.310262061655521393e-07 2.925744773625998385e-01
2.000000000000000000e+04 8.390188217163085938e+00 2.450201660394668579e-03 5.969724178314208984e+00 6.115442374721169472e-09 1.335924707031250000e+04 2.450201660394668579e-03 5.969724178314208984e+00 6.115442374721169472e-09 2.904975305921351225e-01
2.100000000000000000e+04 3.836137695312500000e+02 8.647562563419342041e-02 3.348576307296752930e+00 8.520422852598130703e-05 2.044458007812500000e+02 8.647562563419342041e-02 3.348576307296752930e+00 8.520422852598130703e-05 2.601164337282018679e-01
2.200000000000000000e+04 2.048573303222656250e+02 3.017485141754150391e-03 2.157382726669311523e+00 2.753586159087717533e-06 1.511517906188964844e+01 3.017485141754150391e-03 2.157382726669311523e+00 2.753586159087717533e-06 2.580468173482352578e-01
2.300000000000000000e+04 1.675268249511718750e+02 1.549813896417617798e-03 1.711685776710510254e+00 2.347078407183289528e-07 2.173451662063598633e+00 1.549813896417617798e-03 1.711685776710510254e+00 2.347078407183289528e-07 2.571502552405526276e-01
2.400000000000000000e+04 1.473295135498046875e+02 1.549813896417617798e-03 1.503151893615722656e+00 4.895264282822608948e-08 2.607431888580322266e+00 1.549813896417617798e-03 1.503151893615722656e+00 4.895264282822608948e-08 2.567249328016150689e-01
2.500000000000000000e+04 1.302293853759765625e+02 1.545011997222900391e-03 1.411652922630310059e+00 6.648633643635548651e-09 4.065093994140625000e+00 1.545011997222900391e-03 1.411652922630310059e+00 6.648633643635548651e-09 2.566070047989050806e-01
2.600000000000000000e+04 1.127392959594726562e+02 1.381639391183853149e-03 1.412671446800231934e+00 3.692753125505987555e-08 4.096811771392822266e+00 1.381639391183853149e-03 1.412671446800231934e+00 3.692753125505987555e-08 2.568181772337667090e-01
2.700000000000000000e+04 9.400837707519531250e+01 9.238868951797485352e-04 1.498655200004577637e+00 2.319438863196410239e-09 3.921755552291870117e+00 9.238868951797485352e-04 1.498655200004577637e+00 2.319438863196410239e-09 2.574608958679919235e-01
2.800000000000000000e+04 7.477354431152343750e+01 4.180707037448883057e-04 1.674177885055541992e+00 2.139358912245370448e-09 3.323581218719482422e+00 4.180707037448883057e-04 1.674177885055541992e+00 2.139358912245370448e-09 2.585112279772288080e-01
2.900000000000000000e+04 5.955736160278320312e+01 1.026540994644165039e-04 1.931259274482727051e+00 2.627098183438647538e-05 2.437552452087402344e+00 1.026540994644165039e-04 1.931259274482727051e+00 2.627098183438647538e-05 2.597254456813332668e-01
3.000000000000000000e+04 4.113085174560546875e+01 6.888061761856079102e-06 2.286021709442138672e+00 3.967763859691331163e-07 3.263828992843627930e+00 6.888061761856079102e-06 2.286021709442138672e+00 3.967763859691331163e-07 2.611260462578207653e-01
3.100000000000000000e+04 2.977882766723632812e+01 1.140870153903961182e-04 2.646954298019409180e+00 5.684341886080801487e-12 1.824852705001831055e+00 1.140870153903961182e-04 2.646954298019409180e+00 5.684341886080801487e-12 2.619899980233007519e-01
3.200000000000000000e+04 2.227730560302734375e+01 1.754201948642730713e-04 2.812935829162597656e+00 2.489623739165836014e-06 3.504975795745849609e+00 1.754201948642730713e-04 2.812935829162597656e+00 2.489623739165836014e-06 2.621343779525491802e-01
3.300000000000000000e+04 1.565857696533203125e+01 4.331804811954498291e-04 2.920331001281738281e+00 1.870487267296994105e-07 1.126874089241027832e+00 4.331804811954498291e-04 2.920331001281738281e+00 1.870487267296994105e-07 2.617384874116138183e-01
3.400000000000000000e+04 1.156150150299072266e+01 4.908777773380279541e-04 2.932832956314086914e+00 2.227557160949800164e-08 1.106136083602905273e+00 4.908777773380279541e-04 2.932832956314086914e+00 2.227557160949800164e-08 2.608874704999766814e-01
3.500000000000000000e+04 8.906629562377929688e+00 5.695261061191558838e-04 2.879534006118774414e+00 8.373174296139040962e-07 4.422384202480316162e-01 5.695261061191558838e-04 2.879534006118774414e+00 8.373174296139040962e-07 2.595337961560136852e-01
3.600000000000000000e+04 6.820071220397949219e+00 4.908777773380279541e-04 2.737872838973999023e+00 7.448988981195725501e-09 2.484569102525711060e-01 4.908777773380279541e-04 2.737872838973999023e+00 7.448988981195725501e-09 2.576849334610701869e-01
3.700000000000000000e+04 5.270433902740478516e+00 4.382766783237457275e-04 2.516171216964721680e+00 2.416436473140493035e-08 3.425106704235076904e-01 4.382766783237457275e-04 2.516171216964721680e+00 2.416436473140493035e-08 2.553337343113054603e-01
3.800000000000000000e+04 3.741168975830078125e+00 4.081465303897857666e-04 2.195775747299194336e+00 6.265509000513702631e-09 1.056295037269592285e+00 4.081465303897857666e-04 2.195775747299194336e+00 6.265509000513702631e-09 2.526444135649060230e-01
3.900000000000000000e+04 3.340057373046875000e+00 2.920627593994140625e-04 1.879491090774536133e+00 6.704090083076152951e-06 1.057366132736206055e+00 2.920627593994140625e-04 1.879491090774536133e+00 6.704090083076152951e-06 2.502692427829949495e-01
4.000000000000000000e+04 2.508913040161132812e+00 2.145767211914062500e-04 1.705402135848999023e+00 4.286667717678938061e-06 8.711271882057189941e-01 2.145767211914062500e-04 1.705402135848999023e+00 4.286667717678938061e-06 2.490519388099041720e-01
4.100000000000000000e+04 2.291810035705566406e+00 1.902729272842407227e-04 1.595486164093017578e+00 5.688890269084367901e-06 5.729630589485168457e-01 1.902729272842407227e-04 1.595486164093017578e+00 5.688890269084367901e-06 2.483905684321379148e-01
4.200000000000000000e+04 2.555108070373535156e+00 1.550316810607910156e-04 1.528335094451904297e+00 6.983501407376024872e-06 1.047613620758056641e+00 1.550316810607910156e-04 1.528335094451904297e+00 6.983501407376024872e-06 2.478829010370384722e-01
4.300000000000000000e+04 1.501910090446472168e+00 1.233965158462524414e-04 1.484430313110351562e+00 3.934837877750396729e-06 2.000707536935806274e-01 1.233965158462524414e-04 1.484430313110351562e+00 3.934837877750396729e-06 2.473572930595863140e-01
4.400000000000000000e+04 1.309411764144897461e+00 1.076608896255493164e-04 1.441349983215332031e+00 2.940218109870329499e-06 2.113860249519348145e-01 1.076608896255493164e-04 1.441349983215332031e+00 2.940218109870329499e-06 2.468449023642302897e-01
4.500000000000000000e+04 1.228617072105407715e+00 1.051425933837890625e-04 1.395508646965026855e+00 3.667140845209360123e-06 1.281750649213790894e-01 1.051425933837890625e-04 1.395508646965026855e+00 3.667140845209360123e-06 2.463802136845218982e-01
4.600000000000000000e+04 1.578259110450744629e+00 1.014210283756256104e-04 1.347871541976928711e+00 5.584737664321437478e-06 5.253481864929199219e-01 1.014210283756256104e-04 1.347871541976928711e+00 5.584737664321437478e-06 2.459804147434904997e-01
4.700000000000000000e+04 1.267456173896789551e+00 9.065866470336914062e-05 1.308776736259460449e+00 5.693440471077337861e-06 3.500392735004425049e-01 9.065866470336914062e-05 1.308776736259460449e+00 5.693440471077337861e-06 2.456088093526666016e-01
4.800000000000000000e+04 1.110275745391845703e+00 8.381903171539306641e-05 1.265779018402099609e+00 3.508190275169909000e-06 1.514333635568618774e-01 8.381903171539306641e-05 1.265779018402099609e+00 3.508190275169909000e-06 2.453463224839836920e-01
4.900000000000000000e+04 1.181010723114013672e+00 8.159875869750976562e-05 1.224962353706359863e+00 2.603759639896452427e-06 2.460911571979522705e-01 8.159875869750976562e-05 1.224962353706359863e+00 2.603759639896452427e-06 2.451465431311624643e-01
5.000000000000000000e+04 2.038427829742431641e+00 7.724761962890625000e-05 1.181375384330749512e+00 5.548736226046457887e-06 1.054000139236450195e+00 7.724761962890625000e-05 1.181375384330749512e+00 5.548736226046457887e-06 2.450358591566026145e-01
